21610
799
241
11335
11683
11654
12122
11873
11474
1103
12764
13820
985
8852
790
22244
2291
11332
6619
985
11884
26239
1480
11949
10384
884
11559
9426
2666
281
9495
10212
11596
2667
4723
492200
98549
500664
107846
74536
64690
638
46529
843
1730
10364
9340
61733
622
42792
16093
11696
11830
1875
9089
4816
3112
28270
592
15371
11597
27327
1847
38953
655
11314
149
9323
14282
12639
15999
24646
13209
25600
31643
10360
4977
11827
16306
10009
10386
203
262
49948
29259
32047
24258
26638
19085
27346
11840
16769
11133
14664
11532
11645
14696
1396
24748
27437
11586
11686
117974
301365
4105
6075
9558
379
10877
11583
6073
9705
9556
9874
13398
6978
8851
9003
9009
18169
15413
13555
840
24128
32047
17911
34996
340837
492200
8843
622
345
744
16300
473
34647
507569
11335
1411
635
17598
11969
